 Zone   x     Tgas  mIL   mOLOA mOLIA dCO   dCI   dLO   dLI    AFR    TwLi    TwLo    TwCi    TwCo    eta    TwLiI   TwLoI   TwCiI   TwCoI   etaI
  -     mm     K    kg/s  kg/s  kg/s   m     m     m     m      -      K       K       K       K       %       K       K       K       K       %  
  1    0.0   500.0  0.24  0.00  0.03  0.25  0.05  0.20  0.10  23.7   477.0   476.9   391.0   390.9    0.00   494.6   494.6   455.2   455.0    0.00
  1    2.1   524.8  0.24  0.00  0.03  0.25  0.05  0.20  0.10  23.7   496.0   496.0   400.3   400.2    0.00   516.6   516.6   465.7   465.5    0.00
  1    4.2   549.5  0.24  0.00  0.03  0.25  0.05  0.20  0.10  23.7   515.1   514.9   410.1   410.0    0.00   538.5   538.5   477.1   476.9    0.00
  1    6.3   574.3  0.24  0.00  0.03  0.25  0.05  0.20  0.10  23.7   534.0   533.9   420.4   420.3    0.00   560.4   560.2   489.3   489.0    0.00
  1    8.3   599.1  0.24  0.00  0.03  0.25  0.05  0.20  0.10  23.7   553.0   552.8   431.3   431.2    0.00   582.1   581.9   502.3   502.0    0.00
  1   10.4   623.9  0.24  0.00  0.03  0.25  0.05  0.20  0.10  23.7   571.9   571.7   442.6   442.5    0.00   603.7   603.5   516.0   515.7    0.00
  1   12.5   648.6  0.24  0.00  0.03  0.25  0.05  0.20  0.10  23.7   590.8   590.6   454.5   454.3    0.00   625.2   625.0   530.4   530.1    0.00
  1   14.6   673.4  0.24  0.00  0.03  0.25  0.05  0.20  0.10  23.7   609.8   609.5   466.6   466.4    0.00   646.7   646.4   545.4   545.1    0.00
  1   16.7   698.2  0.24  0.00  0.03  0.25  0.05  0.20  0.10  23.7   628.7   628.4   479.2   479.0    0.00   668.1   667.8   561.1   560.7    0.00
  1   18.8   722.9  0.24  0.00  0.03  0.25  0.05  0.20  0.10  23.7   647.7   647.4   492.2   492.0    0.00   689.4   689.1   577.3   576.8    0.00
  1   20.8   747.7  0.24  0.00  0.03  0.25  0.05  0.20  0.10  23.7   666.7   666.4   505.5   505.2    0.00   710.7   710.3   593.9   593.4    0.00
  1   22.9   772.5  0.24  0.00  0.03  0.25  0.05  0.20  0.10  23.7   685.8   685.4   519.2   518.8    0.00   732.0   731.5   610.9   610.3    0.00
  1   25.0   797.3  0.24  0.00  0.03  0.25  0.05  0.20  0.10  23.7   704.9   704.5   533.0   532.7    0.00   753.2   752.7   628.3   627.6    0.00
  1   27.1   822.0  0.24  0.00  0.03  0.25  0.05  0.20  0.10  23.7   724.1   723.6   547.2   546.9    0.00   774.4   773.9   646.0   645.3    0.00
  1   29.2   846.8  0.24  0.00  0.03  0.25  0.05  0.20  0.10  23.7   743.4   742.8   561.7   561.2    0.00   795.6   795.0   664.0   663.2    0.00
  1   31.3   871.6  0.24  0.00  0.03  0.25  0.05  0.20  0.10  23.7   762.7   762.0   576.3   575.9    0.00   816.7   816.1   682.3   681.5    0.00
  1   33.3   896.3  0.24  0.00  0.03  0.25  0.05  0.20  0.10  23.7   782.0   781.3   591.3   590.8    0.00   837.9   837.2   700.9   699.9    0.00
  1   35.4   921.1  0.24  0.00  0.03  0.25  0.05  0.20  0.10  23.7   801.4   800.7   606.3   605.7    0.00   859.1   858.3   719.5   718.5    0.00
  1   37.5   945.9  0.24  0.00  0.03  0.25  0.05  0.20  0.10  23.7   820.9   820.1   621.5   620.9    0.00   880.3   879.4   738.4   737.3    0.00
  1   39.6   970.7  0.24  0.00  0.03  0.25  0.05  0.20  0.10  23.7   840.5   839.5   636.9   636.2    0.00   901.4   900.5   757.3   756.1    0.00
  1   41.7   995.4  0.24  0.00  0.03  0.25  0.05  0.20  0.10  23.7   860.1   859.0   652.4   651.7    0.00   922.6   921.6   776.5   775.2    0.00
  1   43.8  1020.2  0.24  0.00  0.03  0.25  0.05  0.20  0.10  23.7   879.7   878.6   668.1   667.3    0.00   943.8   942.7   795.6   794.2    0.00
  1   45.8  1045.0  0.24  0.00  0.03  0.25  0.05  0.20  0.10  23.7   899.5   898.3   683.9   683.0    0.00   965.0   963.8   815.1   813.5    0.00
  1   47.9  1069.7  0.24  0.00  0.03  0.25  0.05  0.20  0.10  23.7   919.3   918.0   699.9   698.9    0.00   986.2   985.0   834.5   832.8    0.00
  1   50.0  1094.5  0.24  0.00  0.03  0.25  0.05  0.20  0.10  23.7   939.1   937.7   715.9   714.9    0.00  1007.5  1006.1   853.9   852.0    0.00
  2   51.2  1100.8  0.24  0.00  0.03  0.25  0.05  0.20  0.10  23.7   944.2   942.7   719.9   718.9    0.00  1012.9  1011.5   858.9   857.0    0.00
  2   52.4  1107.1  0.24  0.00  0.03  0.25  0.05  0.20  0.10  23.7   949.2   947.7   724.0   722.9    0.00  1018.3  1016.8   863.9   861.9    0.00
  2   53.6  1113.4  0.24  0.00  0.03  0.25  0.05  0.20  0.10  23.7   954.2   952.7   728.1   727.0    0.00  1023.7  1022.2   868.8   866.8    0.00
  2   54.8  1119.7  0.24  0.00  0.03  0.25  0.05  0.20  0.10  23.7   959.3   957.8   732.2   731.1    0.00  1029.0  1027.6   873.8   871.7    0.00
  2   56.0  1125.9  0.24  0.00  0.03  0.25  0.05  0.20  0.10  23.7   964.4   962.8   736.3   735.1    0.00  1034.4  1032.9   878.7   876.6    0.00
  2   57.2  1132.2  0.24  0.00  0.03  0.25  0.05  0.20  0.10  23.7   969.4   967.8   740.4   739.2    0.00  1039.8  1038.3   883.7   881.5    0.00
  2   58.4  1138.5  0.24  0.00  0.03  0.25  0.05  0.20  0.10  23.7   974.5   972.8   744.5   743.3    0.00  1045.3  1043.7   888.8   886.6    0.00
  2   59.6  1144.8  0.24  0.00  0.03  0.25  0.05  0.20  0.10  23.7   979.5   977.9   748.5   747.3    0.00  1050.6  1049.1   893.7   891.4    0.00
  2   60.8  1151.1  0.24  0.00  0.03  0.25  0.05  0.20  0.10  23.7   984.6   982.9   752.7   751.5    0.00  1056.0  1054.4   898.7   896.4    0.00
  2   62.0  1157.4  0.24  0.00  0.03  0.25  0.05  0.20  0.10  23.7   989.7   988.0   756.9   755.6    0.00  1061.5  1059.8   903.6   901.3    0.00
  2   63.2  1163.7  0.24  0.00  0.03  0.25  0.05  0.20  0.10  23.7   994.8   993.0   760.9   759.6    0.00  1066.9  1065.2   908.7   906.3    0.00
  2   64.4  1169.9  0.24  0.00  0.03  0.25  0.05  0.20  0.10  23.7   999.9   998.1   765.1   763.8    0.00  1072.3  1070.6   913.7   911.2    0.00
  2   65.6  1176.2  0.24  0.00  0.03  0.25  0.05  0.20  0.10  23.7  1004.9  1003.1   769.2   767.9    0.00  1077.7  1075.9   918.6   916.1    0.00
  2   66.8  1182.5  0.24  0.00  0.03  0.25  0.05  0.20  0.10  23.7  1010.0  1008.2   773.3   772.0    0.00  1083.1  1081.3   923.6   921.1    0.00
  2   68.0  1188.8  0.24  0.00  0.03  0.25  0.05  0.20  0.10  23.7  1015.1  1013.2   777.5   776.1    0.00  1088.5  1086.7   928.6   926.0    0.00
  2   69.2  1195.1  0.24  0.00  0.03  0.25  0.05  0.20  0.10  23.7  1020.2  1018.3   781.7   780.3    0.00  1093.9  1092.1   933.6   931.0    0.00
  2   70.4  1201.4  0.24  0.00  0.03  0.25  0.05  0.20  0.10  23.7  1025.3  1023.3   785.8   784.4    0.00  1099.3  1097.5   938.6   935.9    0.00
  2   71.6  1207.7  0.24  0.00  0.03  0.25  0.05  0.20  0.10  23.7  1030.4  1028.4   789.9   788.5    0.00  1104.7  1102.8   943.6   940.9    0.00
  2   72.8  1213.9  0.24  0.00  0.03  0.25  0.05  0.20  0.10  23.7  1035.5  1033.5   794.1   792.6    0.00  1110.1  1108.2   948.6   945.8    0.00
  2   74.0  1220.2  0.24  0.00  0.03  0.25  0.05  0.20  0.10  23.7  1040.6  1038.5   798.4   796.8    0.00  1115.6  1113.6   953.7   950.9    0.00
  2   75.2  1226.5  0.24  0.00  0.03  0.25  0.05  0.20  0.10  23.7  1045.7  1043.6   802.4   800.9    0.00  1121.0  1119.0   958.7   955.8    0.00
  2   76.4  1232.8  0.24  0.00  0.03  0.25  0.05  0.20  0.10  23.7  1050.8  1048.6   806.5   804.9    0.00  1126.4  1124.4   963.6   960.6    0.00
  2   77.6  1239.1  0.24  0.00  0.03  0.25  0.05  0.20  0.10  23.7  1055.9  1053.7   810.7   809.1    0.00  1131.9  1129.8   968.7   965.7    0.00
  2   78.8  1245.4  0.24  0.00  0.03  0.25  0.05  0.20  0.10  23.7  1061.1  1058.8   814.9   813.3    0.00  1137.3  1135.2   973.6   970.6    0.00
  2   80.0  1251.7  0.24  0.00  0.03  0.25  0.05  0.20  0.10  23.7  1066.2  1063.9   819.1   817.4    0.00  1142.7  1140.6   978.8   975.6    0.00
  3   82.8  1249.0  0.24  0.00  0.03  0.25  0.05  0.20  0.10  23.7  1064.1  1061.8   817.4   815.8    0.00  1140.4  1138.3   976.6   973.5    0.00
  3   85.6  1246.4  0.24  0.00  0.03  0.25  0.05  0.20  0.10  23.7  1061.9  1059.6   815.5   813.9    0.00  1138.1  1136.0   974.5   971.4    0.00
  3   88.4  1243.7  0.24  0.00  0.03  0.25  0.05  0.20  0.10  23.7  1059.7  1057.5   813.9   812.2    0.00  1135.9  1133.8   972.4   969.3    0.00
  3   91.2  1241.1  0.24  0.00  0.03  0.25  0.05  0.20  0.10  23.7  1057.6  1055.3   812.1   810.5    0.00  1133.6  1131.5   970.3   967.2    0.00
  3   94.0  1238.4  0.24  0.00  0.03  0.25  0.05  0.20  0.10  23.7  1055.4  1053.2   810.3   808.7    0.00  1131.3  1129.2   968.2   965.1    0.00
  3   96.8  1235.8  0.24  0.00  0.03  0.25  0.05  0.20  0.10  23.7  1053.3  1051.1   808.6   807.0    0.00  1129.0  1127.0   966.0   963.0    0.00
  3   99.6  1233.1  0.24  0.00  0.03  0.25  0.05  0.20  0.10  23.7  1051.1  1049.0   806.9   805.3    0.00  1126.7  1124.7   963.9   960.9    0.00
  3  102.4  1230.5  0.50  0.00  0.03  0.25  0.05  0.20  0.10  50.0  1070.3  1067.9   822.4   820.7    0.00  1149.0  1146.9   984.6   981.4    0.00
  3  105.2  1227.9  0.50  0.00  0.03  0.25  0.05  0.20  0.10  50.0  1068.1  1065.8   820.6   819.0    0.00  1146.7  1144.6   982.4   979.2    0.00
  3  108.0  1225.2  0.50  0.00  0.03  0.25  0.05  0.20  0.10  50.0  1066.0  1063.7   819.0   817.3    0.00  1144.4  1142.3   980.3   977.1    0.00
  3  110.8  1222.6  0.50  0.00  0.03  0.25  0.05  0.20  0.10  50.0  1063.9  1061.6   817.2   815.6    0.00  1142.1  1140.0   978.2   975.1    0.00
  3  113.6  1219.9  0.50  0.00  0.03  0.25  0.05  0.20  0.10  50.0  1061.7  1059.5   815.5   813.8    0.00  1139.8  1137.7   976.1   973.0    0.00
  3  116.4  1217.3  0.50  0.00  0.03  0.25  0.05  0.20  0.10  50.0  1059.6  1057.4   813.8   812.2    0.00  1137.5  1135.4   974.0   970.9    0.00
  3  119.2  1214.6  0.50  0.00  0.03  0.25  0.05  0.20  0.10  50.0  1057.5  1055.3   812.1   810.4    0.00  1135.2  1133.1   971.8   968.8    0.00
  3  122.0  1212.0  0.50  0.00  0.03  0.25  0.05  0.20  0.10  50.0  1055.4  1053.2   810.3   808.7    0.00  1132.9  1130.8   969.7   966.7    0.00
  3  124.8  1209.3  0.50  0.00  0.03  0.25  0.05  0.20  0.10  50.0  1053.2  1051.0   808.5   806.9    0.00  1130.6  1128.5   967.6   964.6    0.00
  3  127.6  1206.7  0.50  0.00  0.03  0.25  0.05  0.20  0.10  50.0  1051.1  1049.0   806.8   805.3    0.00  1128.3  1126.2   965.4   962.4    0.00
  3  130.4  1204.1  0.50  0.00  0.03  0.25  0.05  0.20  0.10  50.0  1049.0  1046.9   805.2   803.6    0.00  1126.0  1123.9   963.2   960.3    0.00
  3  133.2  1201.4  0.50  0.00  0.03  0.25  0.05  0.20  0.10  50.0  1046.9  1044.7   803.4   801.8    0.00  1123.7  1121.6   961.1   958.2    0.00
  3  136.0  1198.8  0.50  0.00  0.03  0.25  0.05  0.20  0.10  50.0  1044.7  1042.6   801.6   800.1    0.00  1121.3  1119.4   959.0   956.1    0.00
  3  138.8  1196.1  0.50  0.00  0.03  0.25  0.05  0.20  0.10  50.0  1042.6  1040.5   799.9   798.4    0.00  1119.0  1117.1   956.8   954.0    0.00
  3  141.6  1193.5  0.50  0.00  0.03  0.25  0.05  0.20  0.10  50.0  1040.5  1038.4   798.3   796.7    0.00  1116.7  1114.8   954.7   951.8    0.00
  3  144.4  1190.8  0.50  0.00  0.03  0.25  0.05  0.20  0.10  50.0  1038.4  1036.3   796.5   795.0    0.00  1114.4  1112.5   952.6   949.7    0.00
  3  147.2  1188.2  0.50  0.00  0.03  0.25  0.05  0.20  0.10  50.0  1036.2  1034.2   794.7   793.2    0.00  1112.1  1110.2   950.4   947.6    0.00
  3  150.0  1185.5  0.50  0.00  0.03  0.25  0.05  0.20  0.10  50.0  1034.1  1032.1   793.0   791.5    0.00  1109.8  1107.9   948.3   945.5    0.00
  4  152.0  1185.5  0.50  0.00  0.03  0.25  0.05  0.20  0.10  50.0  1034.1  1032.1   793.0   791.5    0.00  1109.8  1107.9   948.3   945.5    0.00
  4  154.0  1185.5  0.50  0.00  0.03  0.25  0.05  0.20  0.10  50.0  1034.1  1032.1   793.0   791.5    0.00  1109.8  1107.9   948.3   945.5    0.00
  4  156.0  1185.5  0.50  0.00  0.03  0.25  0.05  0.20  0.10  50.0  1034.1  1032.1   793.0   791.5    0.00  1109.8  1107.9   948.3   945.5    0.00
  4  158.0  1185.5  0.50  0.00  0.03  0.25  0.05  0.20  0.10  50.0  1034.1  1032.1   793.0   791.5    0.00  1109.8  1107.9   948.3   945.5    0.00
  4  160.0  1185.5  0.50  0.00  0.03  0.25  0.05  0.20  0.10  50.0  1034.1  1032.1   793.0   791.5    0.00  1109.8  1107.9   948.3   945.5    0.00
  4  162.0  1185.5  0.50  0.00  0.03  0.25  0.05  0.20  0.10  50.0  1034.1  1032.1   793.0   791.5    0.00  1109.8  1107.9   948.3   945.5    0.00
  4  164.0  1185.5  0.50  0.00  0.03  0.25  0.05  0.20  0.10  50.0  1034.1  1032.1   793.0   791.5    0.00  1109.8  1107.9   948.3   945.5    0.00
  4  166.0  1185.5  0.50  0.00  0.03  0.25  0.05  0.20  0.10  50.0  1034.1  1032.1   793.0   791.5    0.00  1109.8  1107.9   948.3   945.5    0.00
  4  168.0  1185.5  0.50  0.00  0.03  0.25  0.05  0.20  0.10  50.0  1034.1  1032.1   793.0   791.5    0.00  1109.8  1107.9   948.3   945.5    0.00
  4  170.0  1185.5  0.50  0.00  0.03  0.25  0.05  0.20  0.10  50.0  1034.1  1032.1   793.0   791.5    0.00  1109.8  1107.9   948.3   945.5    0.00
  4  172.0  1185.5  0.50  0.00  0.03  0.25  0.05  0.20  0.10  50.0  1034.1  1032.1   793.0   791.5    0.00  1109.8  1107.9   948.3   945.5    0.00
  4  174.0  1185.5  0.50  0.00  0.03  0.25  0.05  0.20  0.10  50.0  1034.1  1032.1   793.0   791.5    0.00  1109.8  1107.9   948.3   945.5    0.00
  4  176.0  1185.5  0.50  0.00  0.03  0.25  0.05  0.20  0.10  50.0  1034.1  1032.1   793.0   791.5    0.00  1109.8  1107.9   948.3   945.5    0.00
  4  178.0  1185.5  0.50  0.00  0.03  0.25  0.05  0.20  0.10  50.0  1034.1  1032.1   793.0   791.5    0.00  1109.8  1107.9   948.3   945.5    0.00
  4  180.0  1185.5  0.50  0.00  0.03  0.25  0.05  0.20  0.10  50.0  1034.1  1032.1   793.0   791.5    0.00  1109.8  1107.9   948.3   945.5    0.00
  4  182.0  1185.5  0.50  0.00  0.03  0.25  0.05  0.20  0.10  50.0  1034.1  1032.1   793.0   791.5    0.00  1109.8  1107.9   948.3   945.5    0.00
  4  184.0  1185.5  0.50  0.00  0.03  0.25  0.05  0.20  0.10  50.0  1034.1  1032.1   793.0   791.5    0.00  1109.8  1107.9   948.3   945.5    0.00
  4  186.0  1185.5  0.50  0.00  0.03  0.25  0.05  0.20  0.10  50.0  1034.1  1032.1   793.0   791.5    0.00  1109.8  1107.9   948.3   945.5    0.00
  4  188.0  1185.5  0.50  0.00  0.03  0.25  0.05  0.20  0.10  50.0  1034.1  1032.1   793.0   791.5    0.00  1109.8  1107.9   948.3   945.5    0.00
  4  190.0  1185.5  0.50  0.00  0.03  0.25  0.05  0.20  0.10  50.0  1034.1  1032.1   793.0   791.5    0.00  1109.8  1107.9   948.3   945.5    0.00
  4  192.0  1185.5  0.50  0.00  0.03  0.25  0.05  0.20  0.10  50.0  1034.1  1032.1   793.0   791.5    0.00  1109.8  1107.9   948.3   945.5    0.00
  4  194.0  1185.5  0.50  0.00  0.03  0.25  0.05  0.20  0.10  50.0  1034.1  1032.1   793.0   791.5    0.00  1109.8  1107.9   948.3   945.5    0.00
  4  196.0  1185.5  0.50  0.00  0.03  0.25  0.05  0.20  0.10  50.0  1034.1  1032.1   793.0   791.5    0.00  1109.8  1107.9   948.3   945.5    0.00
  4  198.0  1185.5  0.50  0.00  0.03  0.25  0.05  0.20  0.10  50.0  1034.1  1032.1   793.0   791.5    0.00  1109.8  1107.9   948.3   945.5    0.00
  4  200.0  1185.5  0.50  0.00  0.03  0.25  0.05  0.20  0.10  50.0  1034.1  1032.1   793.0   791.5    0.00  1109.8  1107.9   948.3   945.5    0.00
